Observation y x1 x2 x3 x4 x5 x6
1 10.006 8.000 1.000 1.000 1.000 0.541 -0.099
2 9.737 8.000 1.000 1.000 0.000 0.130 0.070
3 15.087 8.000 1.000 1.000 0.000 2.116 0.115
4 8.422 0.000 0.000 9.000 1.000 -2.397 0.252
5 8.625 0.000 0.000 9.000 1.000 -0.046 0.017
6 16.289 0.000 0.000 9.000 1.000 0.365 1.504
7 5.958 2.000 7.000 0.000 1.000 1.996 -0.865
8 9.313 2.000 7.000 0.000 1.000 0.228 -0.055
9 12.960 2.000 7.000 0.000 1.000 1.380 0.502
10 5.541 0.000 0.000 0.000 10.000 -0.798 -0.399
11 8.756 0.000 0.000 0.000 10.000 0.257 0.101
12 10.937 0.000 0.000 0.000 10.000 0.440 0.432